6
1
3
0 908 102 714 987 862
908 0 766 114 898 148
102 766 0 772 762 617
714 114 772 0 719 650
987 898 762 719 0 472
862 148 617 650 472 0